﻿id,index,period,timestamp,minute,second,type_id,type_name,possession,possession_team_id,possession_team_name,play_pattern_id,play_pattern_name,team_id,team_name,duration,tactics,related_events_0,player_id,player_name,position_id,position_name,location_0,location_1,pass,carry,ball_receipt,under_pressure,duel,clearance,counterpress,interception,out,foul_won,off_camera,shot,goalkeeper_technique_id,goalkeeper_technique_name,goalkeeper_position_id,goalkeeper_position_name,goalkeeper_type_id,goalkeeper_type_name,goalkeeper_outcome_id,goalkeeper_outcome_name,dribble,block,foul_committed,ball_recovery,substitution,pass_recipient_id,pass_recipient_name,pass_length,pass_angle,pass_height_id,pass_height_name,pass_end_location_0,pass_end_location_1,pass_body_part_id,pass_body_part_name,pass_type_id,pass_type_name,goalkeeper,related_events_1,carry_end_location_0,carry_end_location_1,dribble_outcome_id,dribble_outcome_name,duel_type_id,duel_type_name,duel_outcome_id,duel_outcome_name,related_events_2,dribble_overrun,related_events,pass_assisted_shot_id,pass_goal_assist,dribble_no_touch,shot_one_on_one,shot_open_goal,shot_statsbomb_xg,shot_end_location_0,shot_end_location_1,shot_end_location_2,shot_key_pass_id,shot_type_id,shot_type_name,shot_outcome_id,shot_outcome_name,shot_technique_id,shot_technique_name,shot_body_part_id,shot_body_part_name,shot_freeze_frame_0_location_0,shot_freeze_frame_0_location_1,shot_freeze_frame_0_player_id,shot_freeze_frame_0_player_name,shot_freeze_frame_0_position_id,shot_freeze_frame_0_position_name,shot_freeze_frame_0_teammate,shot_freeze_frame_1_location_0,shot_freeze_frame_1_location_1,shot_freeze_frame_1_player_id,shot_freeze_frame_1_player_name,shot_freeze_frame_1_position_id,shot_freeze_frame_1_position_name,shot_freeze_frame_1_teammate,shot_freeze_frame_2_location_0,shot_freeze_frame_2_location_1,shot_freeze_frame_2_player_id,shot_freeze_frame_2_player_name,shot_freeze_frame_2_position_id,shot_freeze_frame_2_position_name,shot_freeze_frame_2_teammate,shot_freeze_frame_3_location_0,shot_freeze_frame_3_location_1,shot_freeze_frame_3_player_id,shot_freeze_frame_3_player_name,shot_freeze_frame_3_position_id,shot_freeze_frame_3_position_name,shot_freeze_frame_3_teammate,shot_freeze_frame_4_location_0,shot_freeze_frame_4_location_1,shot_freeze_frame_4_player_id,shot_freeze_frame_4_player_name,shot_freeze_frame_4_position_id,shot_freeze_frame_4_position_name,shot_freeze_frame_4_teammate,shot_freeze_frame_5_location_0,shot_freeze_frame_5_location_1,shot_freeze_frame_5_player_id,shot_freeze_frame_5_player_name,shot_freeze_frame_5_position_id,shot_freeze_frame_5_position_name,shot_freeze_frame_5_teammate,shot_freeze_frame_6_location_0,shot_freeze_frame_6_location_1,shot_freeze_frame_6_player_id,shot_freeze_frame_6_player_name,shot_freeze_frame_6_position_id,shot_freeze_frame_6_position_name,shot_freeze_frame_6_teammate,shot_freeze_frame_7_location_0,shot_freeze_frame_7_location_1,shot_freeze_frame_7_player_id,shot_freeze_frame_7_player_name,shot_freeze_frame_7_position_id,shot_freeze_frame_7_position_name,shot_freeze_frame_7_teammate
dead6ba4-2e37-4f5b-9828-4df583179b64,3388,2,00:33:07.056,78,7,23,Goal Keeper,139,217,Barcelona,3,From Free Kick,219,RC Deportivo La Coruña,0.0,,9f137cbe-5b2d-4f91-a910-387baa93660a,27457,Manuel Fernández Muñíz,1,Goalkeeper,6.5,36.9,,,,,,,,,,,,,45.0,Diving,44.0,Set,26.0,Goal Conceded,55.0,No Touch,,,,,,,,,,,,,,,,,,,,,,,,,,,,,,,,,,,,,,,,,,,,,,,,,,,,,,,,,,,,,,,,,,,,,,,,,,,,,,,,,,,,,,,,,,,,,,,,,,,,,,,,
931e3fed-0cff-4422-94e6-913a4af7aab9,3404,2,00:34:51.932,79,51,30,Pass,141,217,Barcelona,7,From Goal Kick,217,Barcelona,2.640098,,f379ce08-9cad-4e96-ab69-c151f43271a9,4691,Claudio Andrés Bravo Muñoz,1,Goalkeeper,7.0,44.1,,,,,,,,,,,,,,,,,,,,,,,,,,5506.0,Javier Alejandro Mascherano,28.145515,-1.6276745,1.0,Ground Pass,5.4,16.0,40.0,Right Foot,63.0,Goal Kick,,,,,,,,,,,,,,,,,,,,,,,,,,,,,,,,,,,,,,,,,,,,,,,,,,,,,,,,,,,,,,,,,,,,,,,,,,,,,,,,,,,,,,,
f379ce08-9cad-4e96-ab69-c151f43271a9,3405,2,00:34:54.572,79,54,42,Ball Receipt*,141,217,Barcelona,7,From Goal Kick,217,Barcelona,,,931e3fed-0cff-4422-94e6-913a4af7aab9,5506,Javier Alejandro Mascherano,5,Left Center Back,5.4,16.0,,,,,,,,,,,,,,,,,,,,,,,,,,,,,,,,,,,,,,,,,,,,,,,,,,,,,,,,,,,,,,,,,,,,,,,,,,,,,,,,,,,,,,,,,,,,,,,,,,,,,,,,,,,,,,,,,,,,,,,,,,,,
1f9c2bc4-225f-469e-aaf6-12364a2d6daa,3406,2,00:34:54.572,79,54,43,Carry,141,217,Barcelona,7,From Goal Kick,217,Barcelona,0.717194,,f379ce08-9cad-4e96-ab69-c151f43271a9,5506,Javier Alejandro Mascherano,5,Left Center Back,5.4,16.0,,,,,,,,,,,,,,,,,,,,,,,,,,,,,,,,,,,,,,,fe13f65e-49e4-4df9-a779-19823766d926,12.1,15.8,,,,,,,,,,,,,,,,,,,,,,,,,,,,,,,,,,,,,,,,,,,,,,,,,,,,,,,,,,,,,,,,,,,,,,,,,,,,,,,,,,,
fe13f65e-49e4-4df9-a779-19823766d926,3407,2,00:34:55.289,79,55,30,Pass,141,217,Barcelona,7,From Goal Kick,217,Barcelona,1.540206,,3ad778c4-fc12-4a2d-8c6a-4b638abf011e,5506,Javier Alejandro Mascherano,5,Left Center Back,12.1,15.8,,,,,,,,,,,,,,,,,,,,,,,,,,22102.0,Adriano Correia Claro,15.981239,-0.7942475,1.0,Ground Pass,23.3,4.4,40.0,Right Foot,,,,,,,,,,,,,,,,,,,,,,,,,,,,,,,,,,,,,,,,,,,,,,,,,,,,,,,,,,,,,,,,,,,,,,,,,,,,,,,,,,,,,,,,,
3ad778c4-fc12-4a2d-8c6a-4b638abf011e,3408,2,00:34:56.829,79,56,42,Ball Receipt*,141,217,Barcelona,7,From Goal Kick,217,Barcelona,,,fe13f65e-49e4-4df9-a779-19823766d926,22102,Adriano Correia Claro,6,Left Back,23.3,4.4,,,,,,,,,,,,,,,,,,,,,,,,,,,,,,,,,,,,,,,,,,,,,,,,,,,,,,,,,,,,,,,,,,,,,,,,,,,,,,,,,,,,,,,,,,,,,,,,,,,,,,,,,,,,,,,,,,,,,,,,,,,,
ca2ab8e9-e008-4364-9186-fd31d7515010,3409,2,00:34:56.829,79,56,43,Carry,141,217,Barcelona,7,From Goal Kick,217,Barcelona,0.9933,,3ad778c4-fc12-4a2d-8c6a-4b638abf011e,22102,Adriano Correia Claro,6,Left Back,23.3,4.4,,,,,,,,,,,,,,,,,,,,,,,,,,,,,,,,,,,,,,,54d8a5ab-c730-4a69-ab70-9fc5b3871dad,22.9,5.4,,,,,,,,,,,,,,,,,,,,,,,,,,,,,,,,,,,,,,,,,,,,,,,,,,,,,,,,,,,,,,,,,,,,,,,,,,,,,,,,,,,
54d8a5ab-c730-4a69-ab70-9fc5b3871dad,3410,2,00:34:57.823,79,57,30,Pass,141,217,Barcelona,7,From Goal Kick,217,Barcelona,1.652099,,9311c1b3-9f60-48bd-b02d-9be2e85ecaa6,22102,Adriano Correia Claro,6,Left Back,22.9,5.4,,,,,,,,,,,,,,,,,,,,,,,,,,6998.0,Rafael Alcântara do Nascimento,26.327362,0.045595754,1.0,Ground Pass,49.2,6.6,38.0,Left Foot,,,,,,,,,,,,,,,,,,,,,,,,,,,,,,,,,,,,,,,,,,,,,,,,,,,,,,,,,,,,,,,,,,,,,,,,,,,,,,,,,,,,,,,,,
9311c1b3-9f60-48bd-b02d-9be2e85ecaa6,3411,2,00:34:59.475,79,59,42,Ball Receipt*,141,217,Barcelona,7,From Goal Kick,217,Barcelona,,,54d8a5ab-c730-4a69-ab70-9fc5b3871dad,6998,Rafael Alcântara do Nascimento,15,Left Center Midfield,49.2,6.6,,,,,,,,,,,,,,,,,,,,,,,,,,,,,,,,,,,,,,,,,,,,,,,,,,,,,,,,,,,,,,,,,,,,,,,,,,,,,,,,,,,,,,,,,,,,,,,,,,,,,,,,,,,,,,,,,,,,,,,,,,,,
1916a438-1c21-432c-becf-6fc1a71e7649,3412,2,00:34:59.475,79,59,43,Carry,141,217,Barcelona,7,From Goal Kick,217,Barcelona,1.555901,,4d2deeca-2b21-439c-94dc-c043d614ab8f,6998,Rafael Alcântara do Nascimento,15,Left Center Midfield,49.2,6.6,,,,,,,,,,,,,,,,,,,,,,,,,,,,,,,,,,,,,,,9311c1b3-9f60-48bd-b02d-9be2e85ecaa6,63.1,5.1,,,,,,,,,,,,,,,,,,,,,,,,,,,,,,,,,,,,,,,,,,,,,,,,,,,,,,,,,,,,,,,,,,,,,,,,,,,,,,,,,,,
4d2deeca-2b21-439c-94dc-c043d614ab8f,3413,2,00:35:01.031,80,1,14,Dribble,141,217,Barcelona,7,From Goal Kick,217,Barcelona,0.0,,e576ad7a-1e96-4c75-b120-1b9de6bdaba3,6998,Rafael Alcântara do Nascimento,15,Left Center Midfield,63.1,5.1,,,,True,,,,,,,,,,,,,,,,,,,,,,,,,,,,,,,,,,,,,,9.0,Incomplete,,,,,,,,,,,,,,,,,,,,,,,,,,,,,,,,,,,,,,,,,,,,,,,,,,,,,,,,,,,,,,,,,,,,,,,,,,,,,,,,,
e576ad7a-1e96-4c75-b120-1b9de6bdaba3,3414,2,00:35:01.031,80,1,4,Duel,141,217,Barcelona,7,From Goal Kick,219,RC Deportivo La Coruña,0.0,,4d2deeca-2b21-439c-94dc-c043d614ab8f,6733,Pedro Mosquera Parada,13,Right Center Midfield,57.0,75.0,,,,True,,,,,,,,,,,,,,,,,,,,,,,,,,,,,,,,,,,,,,,,11.0,Tackle,4.0,Won,,,,,,,,,,,,,,,,,,,,,,,,,,,,,,,,,,,,,,,,,,,,,,,,,,,,,,,,,,,,,,,,,,,,,,,,,,,,,
5656b190-3b63-4b42-a750-a0ba6bacd291,3415,2,00:35:01.031,80,1,43,Carry,141,217,Barcelona,7,From Goal Kick,219,RC Deportivo La Coruña,3.4182,,633d0b71-2d90-4f19-aedd-2ae3bd77bdb0,6733,Pedro Mosquera Parada,13,Right Center Midfield,57.0,75.0,,,,True,,,,,,,,,,,,,,,,,,,,,,,,,,,,,,,,,,,bb811775-d80e-46cf-838b-98e519d2e5eb,63.1,68.8,,,,,,,e576ad7a-1e96-4c75-b120-1b9de6bdaba3,,,,,,,,,,,,,,,,,,,,,,,,,,,,,,,,,,,,,,,,,,,,,,,,,,,,,,,,,,,,,,,,,,,,,,,,,,,,
633d0b71-2d90-4f19-aedd-2ae3bd77bdb0,3416,2,00:35:03.330,80,3,17,Pressure,141,217,Barcelona,7,From Goal Kick,217,Barcelona,0.989308,,5656b190-3b63-4b42-a750-a0ba6bacd291,4320,Neymar da Silva Santos Junior,21,Left Wing,61.5,16.8,,,,,,,True,,,,,,,,,,,,,,,,,,,,,,,,,,,,,,,,,,,,,,,,,,,,,,,,,,,,,,,,,,,,,,,,,,,,,,,,,,,,,,,,,,,,,,,,,,,,,,,,,,,,,,,,,,,,,,,,,,,,,
9236e575-8ae6-4638-986b-8c1de725baa8,3417,2,00:35:04.449,80,4,39,Dribbled Past,141,217,Barcelona,7,From Goal Kick,217,Barcelona,0.0,,bb811775-d80e-46cf-838b-98e519d2e5eb,4320,Neymar da Silva Santos Junior,21,Left Wing,57.0,11.3,,,,,,,True,,,,,,,,,,,,,,,,,,,,,,,,,,,,,,,,,,,,,,,,,,,,,,,,,,,,,,,,,,,,,,,,,,,,,,,,,,,,,,,,,,,,,,,,,,,,,,,,,,,,,,,,,,,,,,,,,,,,,
bb811775-d80e-46cf-838b-98e519d2e5eb,3418,2,00:35:04.449,80,4,14,Dribble,141,217,Barcelona,7,From Goal Kick,219,RC Deportivo La Coruña,0.0,,9236e575-8ae6-4638-986b-8c1de725baa8,6733,Pedro Mosquera Parada,13,Right Center Midfield,63.1,68.8,,,,True,,,,,,,,,,,,,,,,,,,,,,,,,,,,,,,,,,,,,,9.0,Incomplete,,,,,,True,,,,,,,,,,,,,,,,,,,,,,,,,,,,,,,,,,,,,,,,,,,,,,,,,,,,,,,,,,,,,,,,,,,,,,,,,,,
211571ff-fd37-4fcb-9c76-a5498503bb92,3419,2,00:35:05.750,80,5,17,Pressure,141,217,Barcelona,7,From Goal Kick,219,RC Deportivo La Coruña,0.90967,,3db7ade2-f569-4cb6-aba7-204ddfaf82f6,6733,Pedro Mosquera Parada,13,Right Center Midfield,71.3,63.7,,,,,,,,,,,,,,,,,,,,,,,,,,,,,,,,,,,,,,,,,,,,,,,,,,,,,,,,,,,,,,,,,,,,,,,,,,,,,,,,,,,,,,,,,,,,,,,,,,,,,,,,,,,,,,,,,,,,,,,,,,,,
3db7ade2-f569-4cb6-aba7-204ddfaf82f6,3420,2,00:35:06.588,80,6,30,Pass,141,217,Barcelona,7,From Goal Kick,217,Barcelona,1.730783,,211571ff-fd37-4fcb-9c76-a5498503bb92,22102,Adriano Correia Claro,6,Left Back,42.3,23.3,,,,True,,,,,,,,,,,,,,,,,,,,,,7068.0,Marc Bartra Aregall,24.865438,2.1933835,1.0,Ground Pass,27.8,43.5,40.0,Right Foot,66.0,Recovery,,e1098845-a157-4811-938b-745ab5e87232,,,,,,,,,,,,,,,,,,,,,,,,,,,,,,,,,,,,,,,,,,,,,,,,,,,,,,,,,,,,,,,,,,,,,,,,,,,,,,,,,,,,,
e1098845-a157-4811-938b-745ab5e87232,3421,2,00:35:08.319,80,8,42,Ball Receipt*,141,217,Barcelona,7,From Goal Kick,217,Barcelona,,,3db7ade2-f569-4cb6-aba7-204ddfaf82f6,7068,Marc Bartra Aregall,3,Right Center Back,27.8,43.5,,,,,,,,,,,,,,,,,,,,,,,,,,,,,,,,,,,,,,,,,,,,,,,,,,,,,,,,,,,,,,,,,,,,,,,,,,,,,,,,,,,,,,,,,,,,,,,,,,,,,,,,,,,,,,,,,,,,,,,,,,,,
28e79899-a500-4df2-bfaa-0f4996319e5a,3422,2,00:35:08.319,80,8,43,Carry,141,217,Barcelona,7,From Goal Kick,217,Barcelona,1.586317,,238a6cb7-66bd-4bf3-9644-a79ed70f2a1b,7068,Marc Bartra Aregall,3,Right Center Back,27.8,43.5,,,,,,,,,,,,,,,,,,,,,,,,,,,,,,,,,,,,,,,e1098845-a157-4811-938b-745ab5e87232,28.0,45.2,,,,,,,,,,,,,,,,,,,,,,,,,,,,,,,,,,,,,,,,,,,,,,,,,,,,,,,,,,,,,,,,,,,,,,,,,,,,,,,,,,,
238a6cb7-66bd-4bf3-9644-a79ed70f2a1b,3423,2,00:35:09.905,80,9,30,Pass,141,217,Barcelona,7,From Goal Kick,217,Barcelona,1.367964,,d29f91e6-46c8-4db1-91ef-00a9648c08e7,7068,Marc Bartra Aregall,3,Right Center Back,28.0,45.2,,,,,,,,,,,,,,,,,,,,,,,,,,4324.0,Daniel Alves da Silva,19.185932,1.3979357,1.0,Ground Pass,31.3,64.1,40.0,Right Foot,,,,,,,,,,,,,,,,,,,,,,,,,,,,,,,,,,,,,,,,,,,,,,,,,,,,,,,,,,,,,,,,,,,,,,,,,,,,,,,,,,,,,,,,,
d29f91e6-46c8-4db1-91ef-00a9648c08e7,3424,2,00:35:11.273,80,11,42,Ball Receipt*,141,217,Barcelona,7,From Goal Kick,217,Barcelona,,,238a6cb7-66bd-4bf3-9644-a79ed70f2a1b,4324,Daniel Alves da Silva,2,Right Back,31.3,64.1,,,,,,,,,,,,,,,,,,,,,,,,,,,,,,,,,,,,,,,,,,,,,,,,,,,,,,,,,,,,,,,,,,,,,,,,,,,,,,,,,,,,,,,,,,,,,,,,,,,,,,,,,,,,,,,,,,,,,,,,,,,,
9c9c1dfd-be25-4091-a912-da98255e9590,3425,2,00:35:11.273,80,11,43,Carry,141,217,Barcelona,7,From Goal Kick,217,Barcelona,1.899635,,30222dbd-8435-4143-b2de-5369684e2eaf,4324,Daniel Alves da Silva,2,Right Back,31.3,64.1,,,,,,,,,,,,,,,,,,,,,,,,,,,,,,,,,,,,,,,d29f91e6-46c8-4db1-91ef-00a9648c08e7,31.3,64.1,,,,,,,,,,,,,,,,,,,,,,,,,,,,,,,,,,,,,,,,,,,,,,,,,,,,,,,,,,,,,,,,,,,,,,,,,,,,,,,,,,,
30222dbd-8435-4143-b2de-5369684e2eaf,3426,2,00:35:13.173,80,13,30,Pass,141,217,Barcelona,7,From Goal Kick,217,Barcelona,1.558601,,9baffa3c-684c-4d9e-a2d4-454629f862c9,4324,Daniel Alves da Silva,2,Right Back,31.3,64.1,,,,,,,,,,,,,,,,,,,,,,,,,,6379.0,Sergi Roberto Carnicer,24.26376,-1.2216733,1.0,Ground Pass,39.6,41.3,40.0,Right Foot,,,,,,,,,,,,,,,,,,,,,,,,,,,,,,,,,,,,,,,,,,,,,,,,,,,,,,,,,,,,,,,,,,,,,,,,,,,,,,,,,,,,,,,,,
f1b66f61-2a5e-4563-ae03-874b4c98a5b6,3427,2,00:35:13.320,80,13,17,Pressure,141,217,Barcelona,7,From Goal Kick,219,RC Deportivo La Coruña,0.517383,,,25997,Jonás Manuel Gutiérrez,16,Left Midfield,86.0,18.6,,,,,,,,,,,,,,,,,,,,,,,,,,,,,,,,,,,,,,,,,,,,,,,,,,,,,,,,,,,,,,,,,,,,,,,,,,,,,,,,,,,,,,,,,,,,,,,,,,,,,,,,,,,,,,,,,,,,,,,,,,,,
9baffa3c-684c-4d9e-a2d4-454629f862c9,3428,2,00:35:14.731,80,14,42,Ball Receipt*,141,217,Barcelona,7,From Goal Kick,217,Barcelona,,,30222dbd-8435-4143-b2de-5369684e2eaf,6379,Sergi Roberto Carnicer,10,Center Defensive Midfield,39.6,41.3,,,,,,,,,,,,,,,,,,,,,,,,,,,,,,,,,,,,,,,,,,,,,,,,,,,,,,,,,,,,,,,,,,,,,,,,,,,,,,,,,,,,,,,,,,,,,,,,,,,,,,,,,,,,,,,,,,,,,,,,,,,,
d65ae3a9-9d70-47f8-b48f-e7069c70bc84,3429,2,00:35:14.731,80,14,43,Carry,141,217,Barcelona,7,From Goal Kick,217,Barcelona,0.6287,,851459e9-f304-4f4e-8167-d469a9fd3325,6379,Sergi Roberto Carnicer,10,Center Defensive Midfield,39.6,41.3,,,,,,,,,,,,,,,,,,,,,,,,,,,,,,,,,,,,,,,9baffa3c-684c-4d9e-a2d4-454629f862c9,39.0,40.9,,,,,,,,,,,,,,,,,,,,,,,,,,,,,,,,,,,,,,,,,,,,,,,,,,,,,,,,,,,,,,,,,,,,,,,,,,,,,,,,,,,
851459e9-f304-4f4e-8167-d469a9fd3325,3430,2,00:35:15.360,80,15,30,Pass,141,217,Barcelona,7,From Goal Kick,217,Barcelona,1.581067,,ce1e4c1c-30b7-42d5-9e99-ce61ebc0c36d,6379,Sergi Roberto Carnicer,10,Center Defensive Midfield,39.0,40.9,,,,,,,,,,,,,,,,,,,,,,,,,,5503.0,Lionel Andrés Messi Cuccittini,26.926752,0.19812389,1.0,Ground Pass,65.4,46.2,40.0,Right Foot,,,,,,,,,,,,,,,,,,,,,,,,,,,,,,,,,,,,,,,,,,,,,,,,,,,,,,,,,,,,,,,,,,,,,,,,,,,,,,,,,,,,,,,,,
ce1e4c1c-30b7-42d5-9e99-ce61ebc0c36d,3431,2,00:35:16.941,80,16,42,Ball Receipt*,141,217,Barcelona,7,From Goal Kick,217,Barcelona,,,851459e9-f304-4f4e-8167-d469a9fd3325,5503,Lionel Andrés Messi Cuccittini,17,Right Wing,65.4,46.2,,,,,,,,,,,,,,,,,,,,,,,,,,,,,,,,,,,,,,,,,,,,,,,,,,,,,,,,,,,,,,,,,,,,,,,,,,,,,,,,,,,,,,,,,,,,,,,,,,,,,,,,,,,,,,,,,,,,,,,,,,,,
f72d68b2-901f-42b9-9869-5b5e3a3262d5,3432,2,00:35:16.941,80,16,43,Carry,141,217,Barcelona,7,From Goal Kick,217,Barcelona,1.396433,,01143ce7-2442-456d-9219-60f616ccb4af,5503,Lionel Andrés Messi Cuccittini,17,Right Wing,65.4,46.2,,,,,,,,,,,,,,,,,,,,,,,,,,,,,,,,,,,,,,,ce1e4c1c-30b7-42d5-9e99-ce61ebc0c36d,79.9,46.2,,,,,,,,,,,,,,,,,,,,,,,,,,,,,,,,,,,,,,,,,,,,,,,,,,,,,,,,,,,,,,,,,,,,,,,,,,,,,,,,,,,
01143ce7-2442-456d-9219-60f616ccb4af,3433,2,00:35:18.338,80,18,30,Pass,141,217,Barcelona,7,From Goal Kick,217,Barcelona,1.643199,,d4c4ec06-b90c-4fa3-8968-3bec4acc9a72,5503,Lionel Andrés Messi Cuccittini,17,Right Wing,79.9,46.2,,,,,,,,,,,,,,,,,,,,,,,,,,5246.0,Luis Alberto Suárez Díaz,19.594131,0.48875648,1.0,Ground Pass,97.2,55.4,38.0,Left Foot,,,,,,,,,,,,,,,,,,,,,,,,,,,,,,,,,,,,,,,,,,,,,,,,,,,,,,,,,,,,,,,,,,,,,,,,,,,,,,,,,,,,,,,,,
d4c4ec06-b90c-4fa3-8968-3bec4acc9a72,3434,2,00:35:19.981,80,19,42,Ball Receipt*,141,217,Barcelona,7,From Goal Kick,217,Barcelona,,,01143ce7-2442-456d-9219-60f616ccb4af,5246,Luis Alberto Suárez Díaz,23,Center Forward,97.2,55.4,,,,,,,,,,,,,,,,,,,,,,,,,,,,,,,,,,,,,,,,,,,,,,,,,,,,,,,,,,,,,,,,,,,,,,,,,,,,,,,,,,,,,,,,,,,,,,,,,,,,,,,,,,,,,,,,,,,,,,,,,,,,
4a310446-6ad2-4985-bf00-72215af6231b,3435,2,00:35:19.981,80,19,30,Pass,141,217,Barcelona,7,From Goal Kick,217,Barcelona,1.651401,,5f9ed636-f1cd-4345-bda8-3cc8a5e91131,5246,Luis Alberto Suárez Díaz,23,Center Forward,97.2,55.4,,,,,,,,,,,,,,,,,,,,,,,,,,4320.0,Neymar da Silva Santos Junior,23.551008,-0.8967185,1.0,Ground Pass,111.9,37.0,40.0,Right Foot,,,,,,,,,,,,,,,,76a46fa9-bc60-4957-8dd8-fe5592b4068a,True,,,,,,,,,,,,,,,,,,,,,,,,,,,,,,,,,,,,,,,,,,,,,,,,,,,,,,,,,,,,,,,,,,,,,,,,
5f9ed636-f1cd-4345-bda8-3cc8a5e91131,3436,2,00:35:21.632,80,21,42,Ball Receipt*,141,217,Barcelona,7,From Goal Kick,217,Barcelona,,,4a310446-6ad2-4985-bf00-72215af6231b,4320,Neymar da Silva Santos Junior,21,Left Wing,111.9,37.0,,,,,,,,,,,,,,,,,,,,,,,,,,,,,,,,,,,,,,,,,,,,,,,,,,,,,,,,,,,,,,,,,,,,,,,,,,,,,,,,,,,,,,,,,,,,,,,,,,,,,,,,,,,,,,,,,,,,,,,,,,,,
55f8661c-4311-4fa5-9b64-16c4ecd79484,3437,2,00:35:21.632,80,21,43,Carry,141,217,Barcelona,7,From Goal Kick,217,Barcelona,0.4153,,0c253f15-e922-4c55-9b03-23817bf353a4,4320,Neymar da Silva Santos Junior,21,Left Wing,111.9,37.0,,,,True,,,,,,,,,,,,,,,,,,,,,,,,,,,,,,,,,,,5f9ed636-f1cd-4345-bda8-3cc8a5e91131,115.0,35.0,,,,,,,fd5ac7fe-6481-4de7-98e9-03c641abf960,,,,,,,,,,,,,,,,,,,,,,,,,,,,,,,,,,,,,,,,,,,,,,,,,,,,,,,,,,,,,,,,,,,,,,,,,,,,
0c253f15-e922-4c55-9b03-23817bf353a4,3438,2,00:35:22.048,80,22,39,Dribbled Past,141,217,Barcelona,7,From Goal Kick,219,RC Deportivo La Coruña,0.0,,55f8661c-4311-4fa5-9b64-16c4ecd79484,27457,Manuel Fernández Muñíz,1,Goalkeeper,5.1,45.1,,,,,,,,,,,,,,,,,,,,,,,,,,,,,,,,,,,,,,,cd4b4320-9e57-45c2-9ead-1c8ee0da93ef,,,,,,,,,fd5ac7fe-6481-4de7-98e9-03c641abf960,,,,,,,,,,,,,,,,,,,,,,,,,,,,,,,,,,,,,,,,,,,,,,,,,,,,,,,,,,,,,,,,,,,,,,,,,,,,
fd5ac7fe-6481-4de7-98e9-03c641abf960,3439,2,00:35:22.048,80,22,14,Dribble,141,217,Barcelona,7,From Goal Kick,217,Barcelona,0.0,,0c253f15-e922-4c55-9b03-23817bf353a4,4320,Neymar da Silva Santos Junior,21,Left Wing,115.0,35.0,,,,True,,,,,,,,,,,,,,,,,,,,,,,,,,,,,,,,,,,,,,8.0,Complete,,,,,,,,,,True,,,,,,,,,,,,,,,,,,,,,,,,,,,,,,,,,,,,,,,,,,,,,,,,,,,,,,,,,,,,,,,,,,,,,,,
cd4b4320-9e57-45c2-9ead-1c8ee0da93ef,3440,2,00:35:22.048,80,22,43,Carry,141,217,Barcelona,7,From Goal Kick,217,Barcelona,0.039599,,0c253f15-e922-4c55-9b03-23817bf353a4,4320,Neymar da Silva Santos Junior,21,Left Wing,115.0,35.0,,,,True,,,,,,,,,,,,,,,,,,,,,,,,,,,,,,,,,,,76a46fa9-bc60-4957-8dd8-fe5592b4068a,114.8,35.1,,,,,,,fd5ac7fe-6481-4de7-98e9-03c641abf960,,,,,,,,,,,,,,,,,,,,,,,,,,,,,,,,,,,,,,,,,,,,,,,,,,,,,,,,,,,,,,,,,,,,,,,,,,,,
76a46fa9-bc60-4957-8dd8-fe5592b4068a,3441,2,00:35:22.087,80,22,16,Shot,141,217,Barcelona,7,From Goal Kick,217,Barcelona,0.473601,,e18e04ee-469a-4fe1-96f4-455d779ed84b,4320,Neymar da Silva Santos Junior,21,Left Wing,114.8,35.1,,,,,,,,,,,,,,,,,,,,,,,,,,,,,,,,,,,,,,,,,,,,,,,,,,,,,,True,True,0.47204635,120.0,36.7,1.6,4a310446-6ad2-4985-bf00-72215af6231b,87.0,Open Play,97.0,Goal,93.0,Normal,38.0,Left Foot,114.2,36.2,27457.0,Manuel Fernández Muñíz,1.0,Goalkeeper,False,110.0,40.0,23800.0,Laureano Sanabria Ruiz,2.0,Right Back,False,109.5,42.1,23806.0,Alejandro Bergantiños García,3.0,Right Center Back,False,108.6,47.1,6777.0,Sidnei Rechel da Silva Júnior,5.0,Left Center Back,False,105.8,47.2,6738.0,Juan Francisco Moreno Fuertes,6.0,Left Back,False,93.1,39.5,6733.0,Pedro Mosquera Parada,13.0,Right Center Midfield,False,103.6,34.8,5503.0,Lionel Andrés Messi Cuccittini,17.0,Right Wing,True,107.5,59.0,5246.0,Luis Alberto Suárez Díaz,23.0,Center Forward,True
