﻿id,index,period,timestamp,minute,second,type_id,type_name,possession,possession_team_id,possession_team_name,play_pattern_id,play_pattern_name,team_id,team_name,duration,tactics_formation,tactics_lineup_0_player_id,tactics_lineup_0_player_name,tactics_lineup_0_position_id,tactics_lineup_0_position_name,tactics_lineup_0_jersey_number,tactics_lineup_1_player_id,tactics_lineup_1_player_name,tactics_lineup_1_position_id,tactics_lineup_1_position_name,tactics_lineup_1_jersey_number,tactics_lineup_2_player_id,tactics_lineup_2_player_name,tactics_lineup_2_position_id,tactics_lineup_2_position_name,tactics_lineup_2_jersey_number,tactics_lineup_3_player_id,tactics_lineup_3_player_name,tactics_lineup_3_position_id,tactics_lineup_3_position_name,tactics_lineup_3_jersey_number,tactics_lineup_4_player_id,tactics_lineup_4_player_name,tactics_lineup_4_position_id,tactics_lineup_4_position_name,tactics_lineup_4_jersey_number,tactics_lineup_5_player_id,tactics_lineup_5_player_name,tactics_lineup_5_position_id,tactics_lineup_5_position_name,tactics_lineup_5_jersey_number,tactics_lineup_6_player_id,tactics_lineup_6_player_name,tactics_lineup_6_position_id,tactics_lineup_6_position_name,tactics_lineup_6_jersey_number,tactics_lineup_7_player_id,tactics_lineup_7_player_name,tactics_lineup_7_position_id,tactics_lineup_7_position_name,tactics_lineup_7_jersey_number,tactics_lineup_8_player_id,tactics_lineup_8_player_name,tactics_lineup_8_position_id,tactics_lineup_8_position_name,tactics_lineup_8_jersey_number,tactics_lineup_9_player_id,tactics_lineup_9_player_name,tactics_lineup_9_position_id,tactics_lineup_9_position_name,tactics_lineup_9_jersey_number,tactics_lineup_10_player_id,tactics_lineup_10_player_name,tactics_lineup_10_position_id,tactics_lineup_10_position_name,tactics_lineup_10_jersey_number,related_events,off_camera,player,position,location,pass,carry,ball_receipt,under_pressure,duel,clearance,counterpress,dribble,shot,goalkeeper,interception,foul_committed,foul_won,ball_recovery,out,miscontrol,block,substitution,tactics,related_events_0,player_id,player_name,position_id,position_name,location_0,location_1,pass_recipient_id,pass_recipient_name,pass_length,pass_angle,pass_height_id,pass_height_name,pass_end_location_0,pass_end_location_1,pass_body_part_id,pass_body_part_name,pass_type_id,pass_type_name,related_events_1,carry_end_location_0,carry_end_location_1,pass_outcome_id,pass_outcome_name,ball_receipt_outcome_id,ball_receipt_outcome_name,related_events_2,pass_aerial_won,duel_type_id,duel_type_name,pass_cross,clearance_body_part_id,clearance_body_part_name,clearance_head
05653049-b84f-43b8-8f19-b90eaec5b650,1,1,00:00:00.000,0,0,35,Starting XI,1,360,Rayo Vallecano,1,Regular Play,360,Rayo Vallecano,0.0,4231.0,24255.0,Juan Carlos Martín Corral,1.0,Goalkeeper,13.0,6914.0,Roberto Román Triguero,2.0,Right Back,2.0,6713.0,Diego Javier Llorente Ríos,3.0,Right Center Back,27.0,27144.0,Antonio Amaya Carazo,5.0,Left Center Back,4.0,11298.0,José Ignacio Martínez García,6.0,Left Back,3.0,26848.0,Roberto Trashorras Gayoso,9.0,Right Defensive Midfield,10.0,26607.0,José Raúl Baena Urdiales,11.0,Left Defensive Midfield,8.0,11539.0,Adrián Embarba Blázquez,17.0,Right Wing,11.0,6852.0,Jozabed Sánchez Ruiz,19.0,Center Attacking Midfield,21.0,4711.0,Pablo Hernández Domínguez,21.0,Left Wing,14.0,11542.0,Javier Guerra Rodríguez,23.0,Center Forward,24.0,,,,,,,,,,,,,,,,,,,,,,,,,,,,,,,,,,,,,,,,,,,,,,,,,,,,,,,,,,
e2b968a6-2889-438d-b1c0-f91a6e2a5fff,2,1,00:00:00.000,0,0,35,Starting XI,1,360,Rayo Vallecano,1,Regular Play,215,Athletic Club,0.0,4231.0,6576.0,Gorka Iraizoz Moreno,1.0,Goalkeeper,1.0,6649.0,Óscar de Marcos Arana,2.0,Right Back,10.0,6788.0,Xabier Etxeita Gorritxategi,3.0,Right Center Back,16.0,4353.0,Aymeric Laporte,5.0,Left Center Back,4.0,6789.0,Mikel Balenziaga Oruesagasti,6.0,Left Back,24.0,6388.0,Ander Iturraspe Derteano,9.0,Right Defensive Midfield,8.0,6396.0,Beñat Etxebarria Urkiaga,11.0,Left Defensive Midfield,7.0,6393.0,Iñaki Williams Arthuer,17.0,Right Wing,15.0,6391.0,Raúl García Escudero,19.0,Center Attacking Midfield,22.0,6392.0,Íñigo Lekue Martínez,21.0,Left Wing,30.0,6394.0,Aritz Aduriz Zubeldia,23.0,Center Forward,20.0,,,,,,,,,,,,,,,,,,,,,,,,,,,,,,,,,,,,,,,,,,,,,,,,,,,,,,,,,,
a6ce5006-0aff-4008-88e2-55b4178921d6,3,1,00:00:00.000,0,0,18,Half Start,1,360,Rayo Vallecano,1,Regular Play,215,Athletic Club,0.0,,,,,,,,,,,,,,,,,,,,,,,,,,,,,,,,,,,,,,,,,,,,,,,,,,,,,,,,,,,,,,,,,,,,,,,,,,,,,,,,,df4ad8f3-2ced-40b2-94b0-cf6abc9ab56d,,,,,,,,,,,,,,,,,,,,,,,,,,,,,,,,,
df4ad8f3-2ced-40b2-94b0-cf6abc9ab56d,4,1,00:00:00.000,0,0,18,Half Start,1,360,Rayo Vallecano,1,Regular Play,360,Rayo Vallecano,0.0,,,,,,,,,,,,,,,,,,,,,,,,,,,,,,,,,,,,,,,,,,,,,,,,,,,,,,,,,,,,,,,,,,,,,,,,,,,,,,,,,a6ce5006-0aff-4008-88e2-55b4178921d6,,,,,,,,,,,,,,,,,,,,,,,,,,,,,,,,,
57f259a1-fe83-4041-b748-465dc73e260b,5,1,00:00:00.393,0,0,30,Pass,2,360,Rayo Vallecano,9,From Kick Off,360,Rayo Vallecano,0.365242,,,,,,,,,,,,,,,,,,,,,,,,,,,,,,,,,,,,,,,,,,,,,,,,,,,,,,,,,,True,,,,,,,,,,,,,,,,,,,,,,,391ae051-ebdc-4aa3-a233-005beb1b98df,6852.0,Jozabed Sánchez Ruiz,19.0,Center Attacking Midfield,61.0,40.1,11542.0,Javier Guerra Rodríguez,1.5811388,-1.8925469,1.0,Ground Pass,60.5,38.6,40.0,Right Foot,65.0,Kick Off,,,,,,,,,,,,,,,
391ae051-ebdc-4aa3-a233-005beb1b98df,6,1,00:00:00.758,0,0,42,Ball Receipt*,2,360,Rayo Vallecano,9,From Kick Off,360,Rayo Vallecano,,,,,,,,,,,,,,,,,,,,,,,,,,,,,,,,,,,,,,,,,,,,,,,,,,,,,,,,,,,,,,,,,,,,,,,,,,,,,,,,,,57f259a1-fe83-4041-b748-465dc73e260b,11542.0,Javier Guerra Rodríguez,23.0,Center Forward,60.5,38.6,,,,,,,,,,,,,,,,,,,,,,,,,,,
328b9676-a8a3-418b-8bac-ccf507f97dd3,7,1,00:00:00.758,0,0,30,Pass,2,360,Rayo Vallecano,9,From Kick Off,360,Rayo Vallecano,0.962186,,,,,,,,,,,,,,,,,,,,,,,,,,,,,,,,,,,,,,,,,,,,,,,,,,,,,,,,,,,,,,,,,,,,,,,,,,,,,,,,,6ee6d7b8-3b05-4c95-a684-ed131582b394,11542.0,Javier Guerra Rodríguez,23.0,Center Forward,59.9,39.8,26848.0,Roberto Trashorras Gayoso,16.819334,-3.0224,1.0,Ground Pass,43.2,37.8,40.0,Right Foot,,,,,,,,,,,,,,,,,
6ee6d7b8-3b05-4c95-a684-ed131582b394,8,1,00:00:01.721,0,1,42,Ball Receipt*,2,360,Rayo Vallecano,9,From Kick Off,360,Rayo Vallecano,,,,,,,,,,,,,,,,,,,,,,,,,,,,,,,,,,,,,,,,,,,,,,,,,,,,,,,,,,,,,,,,,,,,,,,,,,,,,,,,,,328b9676-a8a3-418b-8bac-ccf507f97dd3,26848.0,Roberto Trashorras Gayoso,9.0,Right Defensive Midfield,43.2,37.8,,,,,,,,,,,,,,,,,,,,,,,,,,,
c4530eab-4592-4f63-8159-37bffb2d3409,9,1,00:00:01.721,0,1,43,Carry,2,360,Rayo Vallecano,9,From Kick Off,360,Rayo Vallecano,1.065404,,,,,,,,,,,,,,,,,,,,,,,,,,,,,,,,,,,,,,,,,,,,,,,,,,,,,,,,,,,,,,,,,,,,,,,,,,,,,,,,,194d7eed-d399-4836-ac80-bbeb0d4e176a,26848.0,Roberto Trashorras Gayoso,9.0,Right Defensive Midfield,43.2,37.8,,,,,,,,,,,,,6ee6d7b8-3b05-4c95-a684-ed131582b394,43.2,35.9,,,,,,,,,,,,
194d7eed-d399-4836-ac80-bbeb0d4e176a,10,1,00:00:02.786,0,2,30,Pass,2,360,Rayo Vallecano,9,From Kick Off,360,Rayo Vallecano,1.517128,,,,,,,,,,,,,,,,,,,,,,,,,,,,,,,,,,,,,,,,,,,,,,,,,,,,,,,,,,,,,,,,,,,,,,,,,,,,,,,,,f6fa8ba7-b699-4fb5-afd3-60da68e3c213,26848.0,Roberto Trashorras Gayoso,9.0,Right Defensive Midfield,43.2,35.9,27144.0,Antonio Amaya Carazo,15.384408,-1.8473103,1.0,Ground Pass,39.0,21.1,40.0,Right Foot,,,,,,,,,,,,,,,,,
f6fa8ba7-b699-4fb5-afd3-60da68e3c213,11,1,00:00:04.303,0,4,42,Ball Receipt*,2,360,Rayo Vallecano,9,From Kick Off,360,Rayo Vallecano,,,,,,,,,,,,,,,,,,,,,,,,,,,,,,,,,,,,,,,,,,,,,,,,,,,,,,,,,,,,,,,,,,,,,,,,,,,,,,,,,,194d7eed-d399-4836-ac80-bbeb0d4e176a,27144.0,Antonio Amaya Carazo,5.0,Left Center Back,39.0,21.1,,,,,,,,,,,,,,,,,,,,,,,,,,,
74e072ad-d230-4a20-ac0d-a66d577dea36,12,1,00:00:04.303,0,4,43,Carry,2,360,Rayo Vallecano,9,From Kick Off,360,Rayo Vallecano,1.29805,,,,,,,,,,,,,,,,,,,,,,,,,,,,,,,,,,,,,,,,,,,,,,,,,,,,,,,,,,,,,,,,,,,,,,,,,,,,,,,,,9cf9a95c-7f3e-4632-805e-ecd6b05f1058,27144.0,Antonio Amaya Carazo,5.0,Left Center Back,39.0,21.1,,,,,,,,,,,,,f6fa8ba7-b699-4fb5-afd3-60da68e3c213,44.8,16.1,,,,,,,,,,,,
9cf9a95c-7f3e-4632-805e-ecd6b05f1058,13,1,00:00:05.601,0,5,30,Pass,2,360,Rayo Vallecano,9,From Kick Off,360,Rayo Vallecano,2.759108,,,,,,,,,,,,,,,,,,,,,,,,,,,,,,,,,,,,,,,,,,,,,,,,,,,,,,,,,,,,,,,,,,,,,,,,,,,,,,,,,20d06ee9-6f69-46ea-9ee9-75b84e3995b7,27144.0,Antonio Amaya Carazo,5.0,Left Center Back,44.8,16.1,11542.0,Javier Guerra Rodríguez,49.825695,-0.032117467,3.0,High Pass,94.6,14.5,38.0,Left Foot,,,2d1c40f5-159d-443c-9959-d16b896b5ccf,,,9.0,Incomplete,,,,,,,,,,
ef8a7fd6-14f7-4885-a70d-d8d9f4172b43,14,1,00:00:05.677,0,5,17,Pressure,2,360,Rayo Vallecano,9,From Kick Off,215,Athletic Club,0.206594,,,,,,,,,,,,,,,,,,,,,,,,,,,,,,,,,,,,,,,,,,,,,,,,,,,,,,,,,,,,,,,,,,,,,,,,,,,,,,,,,,6394.0,Aritz Aduriz Zubeldia,23.0,Center Forward,72.1,60.1,,,,,,,,,,,,,,,,,,,,,,,,,,,
2d1c40f5-159d-443c-9959-d16b896b5ccf,15,1,00:00:08.360,0,8,42,Ball Receipt*,2,360,Rayo Vallecano,9,From Kick Off,360,Rayo Vallecano,,,,,,,,,,,,,,,,,,,,,,,,,,,,,,,,,,,,,,,,,,,,,,,,,,,,,,,,,,,,,,,,,,,,,,,,,,,,,,,,,,9cf9a95c-7f3e-4632-805e-ecd6b05f1058,11542.0,Javier Guerra Rodríguez,23.0,Center Forward,93.0,13.9,,,,,,,,,,,,,,,,,,9.0,Incomplete,,,,,,,,
20d06ee9-6f69-46ea-9ee9-75b84e3995b7,16,1,00:00:08.360,0,8,30,Pass,2,360,Rayo Vallecano,9,From Kick Off,215,Athletic Club,1.198165,,,,,,,,,,,,,,,,,,,,,,,,,,,,,,,,,,,,,,,,,,,,,,,,,,,,,,,,,,,,,,,,,True,,,,,,,,,,,,,,,,5f8ea54f-5251-4e31-a814-03938867b6f5,6788.0,Xabier Etxeita Gorritxategi,3.0,Right Center Back,25.5,65.6,,,13.90899,0.4540016,2.0,Low Pass,38.0,71.7,,,66.0,Recovery,9cf9a95c-7f3e-4632-805e-ecd6b05f1058,,,9.0,Incomplete,,,e49aa4e7-fedd-4200-9962-91483d909f65,True,,,,,,
e49aa4e7-fedd-4200-9962-91483d909f65,17,1,00:00:08.360,0,8,4,Duel,2,360,Rayo Vallecano,9,From Kick Off,360,Rayo Vallecano,0.0,,,,,,,,,,,,,,,,,,,,,,,,,,,,,,,,,,,,,,,,,,,,,,,,,,,,,,,,,,,,,,,,,True,,,,,,,,,,,,,,,,20d06ee9-6f69-46ea-9ee9-75b84e3995b7,11542.0,Javier Guerra Rodríguez,23.0,Center Forward,94.6,14.5,,,,,,,,,,,,,,,,,,,,,,10.0,Aerial Lost,,,,
5f8ea54f-5251-4e31-a814-03938867b6f5,18,1,00:00:09.559,0,9,30,Pass,2,360,Rayo Vallecano,9,From Kick Off,360,Rayo Vallecano,0.855742,,,,,,,,,,,,,,,,,,,,,,,,,,,,,,,,,,,,,,,,,,,,,,,,,,,,,,,,,,,,,,,,,,,,,,,,,,,,,,,,,20d06ee9-6f69-46ea-9ee9-75b84e3995b7,4711.0,Pablo Hernández Domínguez,21.0,Left Wing,82.1,8.4,11542.0,Javier Guerra Rodríguez,11.072489,-0.2931869,2.0,Low Pass,92.7,5.2,37.0,Head,66.0,Recovery,3963d030-27d3-4f13-969f-e73b38c46639,,,,,,,,,,,,,,
3963d030-27d3-4f13-969f-e73b38c46639,19,1,00:00:10.414,0,10,42,Ball Receipt*,2,360,Rayo Vallecano,9,From Kick Off,360,Rayo Vallecano,,,,,,,,,,,,,,,,,,,,,,,,,,,,,,,,,,,,,,,,,,,,,,,,,,,,,,,,,,,,,,,,,,,,,,,,,,,,,,,,,,5f8ea54f-5251-4e31-a814-03938867b6f5,11542.0,Javier Guerra Rodríguez,23.0,Center Forward,92.7,5.2,,,,,,,,,,,,,,,,,,,,,,,,,,,
b0522bc6-f9e9-4436-8101-0d264d6cba5c,20,1,00:00:10.414,0,10,43,Carry,2,360,Rayo Vallecano,9,From Kick Off,360,Rayo Vallecano,1.534504,,,,,,,,,,,,,,,,,,,,,,,,,,,,,,,,,,,,,,,,,,,,,,,,,,,,,,,,,,,,,,,,,True,,,,,,,,,,,,,,,,3963d030-27d3-4f13-969f-e73b38c46639,11542.0,Javier Guerra Rodríguez,23.0,Center Forward,92.7,5.2,,,,,,,,,,,,,41015bc4-8a22-43bf-99f0-85c3220e24e1,91.9,5.5,,,,,8aaadbe1-1294-4da4-806c-da0a5aaf7bbb,,,,,,,
8aaadbe1-1294-4da4-806c-da0a5aaf7bbb,21,1,00:00:11.467,0,11,17,Pressure,2,360,Rayo Vallecano,9,From Kick Off,215,Athletic Club,0.60891,,,,,,,,,,,,,,,,,,,,,,,,,,,,,,,,,,,,,,,,,,,,,,,,,,,,,,,,,,,,,,,,,,,,,,,,,,,,,,,,,41015bc4-8a22-43bf-99f0-85c3220e24e1,6788.0,Xabier Etxeita Gorritxategi,3.0,Right Center Back,24.2,73.3,,,,,,,,,,,,,b0522bc6-f9e9-4436-8101-0d264d6cba5c,,,,,,,,,,,,,,
fa02e1df-0c86-421b-89af-da874a54bf9d,22,1,00:00:11.949,0,11,22,Foul Committed,2,360,Rayo Vallecano,9,From Kick Off,215,Athletic Club,0.0,,,,,,,,,,,,,,,,,,,,,,,,,,,,,,,,,,,,,,,,,,,,,,,,,,,,,,,,,,,,,,,,,,,,,,,,,,,,,,,,,41015bc4-8a22-43bf-99f0-85c3220e24e1,6788.0,Xabier Etxeita Gorritxategi,3.0,Right Center Back,28.2,74.6,,,,,,,,,,,,,,,,,,,,,,,,,,,
41015bc4-8a22-43bf-99f0-85c3220e24e1,23,1,00:00:11.949,0,11,21,Foul Won,2,360,Rayo Vallecano,9,From Kick Off,360,Rayo Vallecano,0.0,,,,,,,,,,,,,,,,,,,,,,,,,,,,,,,,,,,,,,,,,,,,,,,,,,,,,,,,,,,,,,,,,True,,,,,,,,,,,,,,,,8aaadbe1-1294-4da4-806c-da0a5aaf7bbb,11542.0,Javier Guerra Rodríguez,23.0,Center Forward,91.9,5.5,,,,,,,,,,,,,fa02e1df-0c86-421b-89af-da874a54bf9d,,,,,,,,,,,,,,
f2d15c41-9161-4cf7-a5d9-59aaaa6f2776,24,1,00:00:39.750,0,39,30,Pass,3,360,Rayo Vallecano,3,From Free Kick,360,Rayo Vallecano,1.156536,,,,,,,,,,,,,,,,,,,,,,,,,,,,,,,,,,,,,,,,,,,,,,,,,,,,,,,,,,,,,,,,,,,,,,,,,,,,,,,,,c06a19e6-1717-4702-b662-b27622870edc,26848.0,Roberto Trashorras Gayoso,9.0,Right Defensive Midfield,92.3,5.0,11542.0,Javier Guerra Rodríguez,32.11791,1.0848683,3.0,High Pass,107.3,33.4,40.0,Right Foot,62.0,Free Kick,e076e61d-4a26-4946-8887-765dafb4d942,,,9.0,Incomplete,,,,,,,True,,,
c06a19e6-1717-4702-b662-b27622870edc,25,1,00:00:40.907,0,40,42,Ball Receipt*,3,360,Rayo Vallecano,3,From Free Kick,360,Rayo Vallecano,,,,,,,,,,,,,,,,,,,,,,,,,,,,,,,,,,,,,,,,,,,,,,,,,,,,,,,,,,,,,,,,,,,,,,,,,,,,,,,,,,f2d15c41-9161-4cf7-a5d9-59aaaa6f2776,11542.0,Javier Guerra Rodríguez,23.0,Center Forward,108.2,35.4,,,,,,,,,,,,,,,,,,9.0,Incomplete,,,,,,,,
e076e61d-4a26-4946-8887-765dafb4d942,26,1,00:00:40.907,0,40,9,Clearance,3,360,Rayo Vallecano,3,From Free Kick,215,Athletic Club,0.0,,,,,,,,,,,,,,,,,,,,,,,,,,,,,,,,,,,,,,,,,,,,,,,,,,,,,,,,,,,,,,,,,True,,,,,,,,,,,,,,,,f2d15c41-9161-4cf7-a5d9-59aaaa6f2776,6788.0,Xabier Etxeita Gorritxategi,3.0,Right Center Back,12.8,46.7,,,,,,,,,,,,,,,,,,,,,,,,,37.0,Head,True
0f85a123-fd3a-4c38-a1ba-0436a247bbd7,27,1,00:00:42.544,0,42,2,Ball Recovery,3,360,Rayo Vallecano,3,From Free Kick,215,Athletic Club,0.0,,,,,,,,,,,,,,,,,,,,,,,,,,,,,,,,,,,,,,,,,,,,,,,,,,,,,,,,,,,,,,,,,,,,,,,,,,,,,,,,,,6396.0,Beñat Etxebarria Urkiaga,11.0,Left Defensive Midfield,16.9,55.5,,,,,,,,,,,,,,,,,,,,,,,,,,,
6f424964-657b-4f14-91e6-1c73fa1b4ba3,28,1,00:00:42.544,0,42,43,Carry,3,360,Rayo Vallecano,3,From Free Kick,215,Athletic Club,0.84326,,,,,,,,,,,,,,,,,,,,,,,,,,,,,,,,,,,,,,,,,,,,,,,,,,,,,,,,,,,,,,,,,,,,,,,,,,,,,,,,,0f85a123-fd3a-4c38-a1ba-0436a247bbd7,6396.0,Beñat Etxebarria Urkiaga,11.0,Left Defensive Midfield,16.9,55.5,,,,,,,,,,,,,b8912d76-e237-43a1-9096-e1f0e6a5c250,18.2,56.9,,,,,,,,,,,,
b8912d76-e237-43a1-9096-e1f0e6a5c250,29,1,00:00:43.387,0,43,30,Pass,3,360,Rayo Vallecano,3,From Free Kick,215,Athletic Club,1.731014,,,,,,,,,,,,,,,,,,,,,,,,,,,,,,,,,,,,,,,,,,,,,,,,,,,,,,,,,,,,,,,,,,,,,,,,,,,,,,,,,6c143a4b-5f0d-4c1c-a50c-c70c923f00d2,6396.0,Beñat Etxebarria Urkiaga,11.0,Left Defensive Midfield,18.2,56.9,,,37.769035,0.119428925,3.0,High Pass,55.7,61.4,40.0,Right Foot,,,,,,9.0,Incomplete,,,,,,,,,,
6c143a4b-5f0d-4c1c-a50c-c70c923f00d2,30,1,00:00:45.118,0,45,2,Ball Recovery,3,360,Rayo Vallecano,3,From Free Kick,360,Rayo Vallecano,0.0,,,,,,,,,,,,,,,,,,,,,,,,,,,,,,,,,,,,,,,,,,,,,,,,,,,,,,,,,,,,,,,,,,,,,,,,,,,,,,,,,b8912d76-e237-43a1-9096-e1f0e6a5c250,27144.0,Antonio Amaya Carazo,5.0,Left Center Back,64.4,18.7,,,,,,,,,,,,,,,,,,,,,,,,,,,
32deab62-ea31-4d50-885a-935b5e01c94c,31,1,00:00:45.118,0,45,43,Carry,3,360,Rayo Vallecano,3,From Free Kick,360,Rayo Vallecano,1.87355,,,,,,,,,,,,,,,,,,,,,,,,,,,,,,,,,,,,,,,,,,,,,,,,,,,,,,,,,,,,,,,,,,,,,,,,,,,,,,,,,3aab12af-a3ee-4176-bc91-bcbfaa39cfe7,27144.0,Antonio Amaya Carazo,5.0,Left Center Back,64.4,18.7,,,,,,,,,,,,,6c143a4b-5f0d-4c1c-a50c-c70c923f00d2,64.5,19.3,,,,,,,,,,,,
3aab12af-a3ee-4176-bc91-bcbfaa39cfe7,32,1,00:00:46.992,0,46,30,Pass,3,360,Rayo Vallecano,3,From Free Kick,360,Rayo Vallecano,1.064601,,,,,,,,,,,,,,,,,,,,,,,,,,,,,,,,,,,,,,,,,,,,,,,,,,,,,,,,,,,,,,,,,,,,,,,,,,,,,,,,,382b1d60-042a-451c-b4e2-fa7199cec552,27144.0,Antonio Amaya Carazo,5.0,Left Center Back,64.5,19.3,6852.0,Jozabed Sánchez Ruiz,29.7392,0.8377313,3.0,High Pass,84.4,41.4,38.0,Left Foot,,,,,,,,,,,,,,,,,
382b1d60-042a-451c-b4e2-fa7199cec552,33,1,00:00:48.057,0,48,42,Ball Receipt*,3,360,Rayo Vallecano,3,From Free Kick,360,Rayo Vallecano,,,,,,,,,,,,,,,,,,,,,,,,,,,,,,,,,,,,,,,,,,,,,,,,,,,,,,,,,,,,,,,,,,,,,,,,,,,,,,,,,,3aab12af-a3ee-4176-bc91-bcbfaa39cfe7,6852.0,Jozabed Sánchez Ruiz,19.0,Center Attacking Midfield,84.4,41.4,,,,,,,,,,,,,,,,,,,,,,,,,,,
2038fc97-772d-423d-9ce0-16de9b7bdc51,34,1,00:00:48.057,0,48,38,Miscontrol,3,360,Rayo Vallecano,3,From Free Kick,360,Rayo Vallecano,0.0,,,,,,,,,,,,,,,,,,,,,,,,,,,,,,,,,,,,,,,,,,,,,,,,,,,,,,,,,,,,,,,,,,,,,,,,,,,,,,,,,,6852.0,Jozabed Sánchez Ruiz,19.0,Center Attacking Midfield,87.4,44.8,,,,,,,,,,,,,,,,,,,,,,,,,,,
