﻿id,index,period,timestamp,minute,second,type_id,type_name,possession,possession_team_id,possession_team_name,play_pattern_id,play_pattern_name,team_id,team_name,duration,tactics,related_events_0,off_camera,player_id,player_name,position_id,position_name,location_0,location_1,pass,under_pressure,carry,ball_receipt,interception,dribble,duel,counterpress,shot,goalkeeper_type_id,goalkeeper_type_name,goalkeeper_outcome_id,goalkeeper_outcome_name,goalkeeper_technique_id,goalkeeper_technique_name,goalkeeper_position_id,goalkeeper_position_name,goalkeeper_body_part_id,goalkeeper_body_part_name,clearance,miscontrol,out,foul_committed,foul_won,ball_recovery,block,substitution,bad_behaviour,related_events_1,pass_recipient_id,pass_recipient_name,pass_length,pass_angle,pass_height_id,pass_height_name,pass_end_location_0,pass_end_location_1,pass_body_part_id,pass_body_part_name,pass_type_id,pass_type_name,goalkeeper,carry_end_location_0,carry_end_location_1,pass_outcome_id,pass_outcome_name,ball_receipt_outcome_id,ball_receipt_outcome_name,interception_outcome_id,interception_outcome_name,pass_assisted_shot_id,pass_goal_assist,shot_statsbomb_xg,shot_end_location_0,shot_end_location_1,shot_end_location_2,shot_key_pass_id,shot_technique_id,shot_technique_name,shot_body_part_id,shot_body_part_name,shot_type_id,shot_type_name,shot_outcome_id,shot_outcome_name,shot_first_time,shot_freeze_frame_0_location_0,shot_freeze_frame_0_location_1,shot_freeze_frame_0_player_id,shot_freeze_frame_0_player_name,shot_freeze_frame_0_position_id,shot_freeze_frame_0_position_name,shot_freeze_frame_0_teammate,shot_freeze_frame_1_location_0,shot_freeze_frame_1_location_1,shot_freeze_frame_1_player_id,shot_freeze_frame_1_player_name,shot_freeze_frame_1_position_id,shot_freeze_frame_1_position_name,shot_freeze_frame_1_teammate,shot_freeze_frame_2_location_0,shot_freeze_frame_2_location_1,shot_freeze_frame_2_player_id,shot_freeze_frame_2_player_name,shot_freeze_frame_2_position_id,shot_freeze_frame_2_position_name,shot_freeze_frame_2_teammate,shot_freeze_frame_3_location_0,shot_freeze_frame_3_location_1,shot_freeze_frame_3_player_id,shot_freeze_frame_3_player_name,shot_freeze_frame_3_position_id,shot_freeze_frame_3_position_name,shot_freeze_frame_3_teammate,shot_freeze_frame_4_location_0,shot_freeze_frame_4_location_1,shot_freeze_frame_4_player_id,shot_freeze_frame_4_player_name,shot_freeze_frame_4_position_id,shot_freeze_frame_4_position_name,shot_freeze_frame_4_teammate,shot_freeze_frame_5_location_0,shot_freeze_frame_5_location_1,shot_freeze_frame_5_player_id,shot_freeze_frame_5_player_name,shot_freeze_frame_5_position_id,shot_freeze_frame_5_position_name,shot_freeze_frame_5_teammate,shot_freeze_frame_6_location_0,shot_freeze_frame_6_location_1,shot_freeze_frame_6_player_id,shot_freeze_frame_6_player_name,shot_freeze_frame_6_position_id,shot_freeze_frame_6_position_name,shot_freeze_frame_6_teammate,shot_freeze_frame_7_location_0,shot_freeze_frame_7_location_1,shot_freeze_frame_7_player_id,shot_freeze_frame_7_player_name,shot_freeze_frame_7_position_id,shot_freeze_frame_7_position_name,shot_freeze_frame_7_teammate,shot_freeze_frame_8_location_0,shot_freeze_frame_8_location_1,shot_freeze_frame_8_player_id,shot_freeze_frame_8_player_name,shot_freeze_frame_8_position_id,shot_freeze_frame_8_position_name,shot_freeze_frame_8_teammate,shot_freeze_frame_9_location_0,shot_freeze_frame_9_location_1,shot_freeze_frame_9_player_id,shot_freeze_frame_9_player_name,shot_freeze_frame_9_position_id,shot_freeze_frame_9_position_name,shot_freeze_frame_9_teammate,shot_freeze_frame_10_location_0,shot_freeze_frame_10_location_1,shot_freeze_frame_10_player_id,shot_freeze_frame_10_player_name,shot_freeze_frame_10_position_id,shot_freeze_frame_10_position_name,shot_freeze_frame_10_teammate,shot_freeze_frame_11_location_0,shot_freeze_frame_11_location_1,shot_freeze_frame_11_player_id,shot_freeze_frame_11_player_name,shot_freeze_frame_11_position_id,shot_freeze_frame_11_position_name,shot_freeze_frame_11_teammate,shot_freeze_frame_12_location_0,shot_freeze_frame_12_location_1,shot_freeze_frame_12_player_id,shot_freeze_frame_12_player_name,shot_freeze_frame_12_position_id,shot_freeze_frame_12_position_name,shot_freeze_frame_12_teammate
99eddebe-e07e-43ce-b6d1-36e23c56d045,3413,2,00:40:06.556,85,6,23,Goal Keeper,144,217,Barcelona,5,Other,1041,Sporting Gijón,0.0,,6943634e-e4ee-4bf4-a9e9-19c17521a0ad,,6610,Iván Cuéllar Sacristán,1,Goalkeeper,1.0,40.0,,,,,,,,,,28.0,Penalty Conceded,58.0,Touched In,45.0,Diving,44.0,Set,40.0,Right Foot,,,,,,,,,,,,,,,,,,,,,,,,,,,,,,,,,,,,,,,,,,,,,,,,,,,,,,,,,,,,,,,,,,,,,,,,,,,,,,,,,,,,,,,,,,,,,,,,,,,,,,,,,,,,,,,,,,,,,,,,,,,,,,,,,,,,,,,,,,
3b76a261-1a1b-40d4-923f-d469878339bc,3439,2,00:41:49.868,86,49,30,Pass,147,217,Barcelona,1,Regular Play,217,Barcelona,2.185835,,0fe42a09-50eb-4caf-bd47-9c3a4ae5d420,,7068,Marc Bartra Aregall,3,Right Center Back,15.3,73.9,,,,,,,,,,,,,,,,,,,,,,,,,,,,,445247ad-f525-45c6-b4d2-17552035d345,4691.0,Claudio Andrés Bravo Muñoz,28.549782,-1.8004831,1.0,Ground Pass,8.8,46.1,38.0,Left Foot,66.0,Recovery,,,,,,,,,,,,,,,,,,,,,,,,,,,,,,,,,,,,,,,,,,,,,,,,,,,,,,,,,,,,,,,,,,,,,,,,,,,,,,,,,,,,,,,,,,,,,,,,,,,,,,,,,,,,,,,,,,,,
0fe42a09-50eb-4caf-bd47-9c3a4ae5d420,3440,2,00:41:52.054,86,52,42,Ball Receipt*,147,217,Barcelona,1,Regular Play,217,Barcelona,,,3b76a261-1a1b-40d4-923f-d469878339bc,,4691,Claudio Andrés Bravo Muñoz,1,Goalkeeper,8.8,46.1,,,,,,,,,,,,,,,,,,,,,,,,,,,,,,,,,,,,,,,,,,,,,,,,,,,,,,,,,,,,,,,,,,,,,,,,,,,,,,,,,,,,,,,,,,,,,,,,,,,,,,,,,,,,,,,,,,,,,,,,,,,,,,,,,,,,,,,,,,,,,,,,,,,,,,,,,,,,,
8b74fd4f-90c7-4380-b72e-f201fafdfc07,3441,2,00:41:52.054,86,52,43,Carry,147,217,Barcelona,1,Regular Play,217,Barcelona,0.078694,,0fe42a09-50eb-4caf-bd47-9c3a4ae5d420,,4691,Claudio Andrés Bravo Muñoz,1,Goalkeeper,8.8,46.1,,,,,,,,,,,,,,,,,,,,,,,,,,,,,b94a1f8b-e0b8-490b-9c89-11d45ecf5944,,,,,,,,,,,,,,8.8,46.1,,,,,,,,,,,,,,,,,,,,,,,,,,,,,,,,,,,,,,,,,,,,,,,,,,,,,,,,,,,,,,,,,,,,,,,,,,,,,,,,,,,,,,,,,,,,,,,,,,,,,,,,,,,,,,,,,
b94a1f8b-e0b8-490b-9c89-11d45ecf5944,3442,2,00:41:52.133,86,52,30,Pass,147,217,Barcelona,1,Regular Play,217,Barcelona,1.588944,,88c22b3e-1cf0-453b-ac85-aca6b894ac2b,,4691,Claudio Andrés Bravo Muñoz,1,Goalkeeper,8.8,46.1,,,,,,,,,,,,,,,,,,,,,,,,,,,,,,5506.0,Javier Alejandro Mascherano,15.182226,-1.2282155,1.0,Ground Pass,13.9,31.8,40.0,Right Foot,,,,,,,,,,,,,,,,,,,,,,,,,,,,,,,,,,,,,,,,,,,,,,,,,,,,,,,,,,,,,,,,,,,,,,,,,,,,,,,,,,,,,,,,,,,,,,,,,,,,,,,,,,,,,,,,,,,,,,
88c22b3e-1cf0-453b-ac85-aca6b894ac2b,3443,2,00:41:53.722,86,53,42,Ball Receipt*,147,217,Barcelona,1,Regular Play,217,Barcelona,,,b94a1f8b-e0b8-490b-9c89-11d45ecf5944,,5506,Javier Alejandro Mascherano,5,Left Center Back,13.9,31.8,,,,,,,,,,,,,,,,,,,,,,,,,,,,,,,,,,,,,,,,,,,,,,,,,,,,,,,,,,,,,,,,,,,,,,,,,,,,,,,,,,,,,,,,,,,,,,,,,,,,,,,,,,,,,,,,,,,,,,,,,,,,,,,,,,,,,,,,,,,,,,,,,,,,,,,,,,,,,
427b863f-32c7-4d0c-9047-c62aacd344bc,3444,2,00:41:53.722,86,53,43,Carry,147,217,Barcelona,1,Regular Play,217,Barcelona,7.020056,,7161f44b-9616-4de0-a1a7-bf4f17205853,,5506,Javier Alejandro Mascherano,5,Left Center Back,13.9,31.8,,,,,,,,,,,,,,,,,,,,,,,,,,,,,88c22b3e-1cf0-453b-ac85-aca6b894ac2b,,,,,,,,,,,,,,43.3,20.7,,,,,,,,,,,,,,,,,,,,,,,,,,,,,,,,,,,,,,,,,,,,,,,,,,,,,,,,,,,,,,,,,,,,,,,,,,,,,,,,,,,,,,,,,,,,,,,,,,,,,,,,,,,,,,,,,
7161f44b-9616-4de0-a1a7-bf4f17205853,3445,2,00:42:00.742,87,0,30,Pass,147,217,Barcelona,1,Regular Play,217,Barcelona,1.7982,,b585563c-6831-4984-867f-74ca5bfd2663,,5506,Javier Alejandro Mascherano,5,Left Center Back,43.3,20.7,,,,,,,,,,,,,,,,,,,,,,,,,,,,,,5203.0,Sergio Busquets i Burgos,27.987318,1.7142093,1.0,Ground Pass,39.3,48.4,38.0,Left Foot,,,,,,,,,,,,,,,,,,,,,,,,,,,,,,,,,,,,,,,,,,,,,,,,,,,,,,,,,,,,,,,,,,,,,,,,,,,,,,,,,,,,,,,,,,,,,,,,,,,,,,,,,,,,,,,,,,,,,,
b585563c-6831-4984-867f-74ca5bfd2663,3446,2,00:42:02.540,87,2,42,Ball Receipt*,147,217,Barcelona,1,Regular Play,217,Barcelona,,,7161f44b-9616-4de0-a1a7-bf4f17205853,,5203,Sergio Busquets i Burgos,10,Center Defensive Midfield,39.3,48.4,,,,,,,,,,,,,,,,,,,,,,,,,,,,,,,,,,,,,,,,,,,,,,,,,,,,,,,,,,,,,,,,,,,,,,,,,,,,,,,,,,,,,,,,,,,,,,,,,,,,,,,,,,,,,,,,,,,,,,,,,,,,,,,,,,,,,,,,,,,,,,,,,,,,,,,,,,,,,
b30099c2-4dc1-4e10-8664-447d81ad7e9e,3447,2,00:42:02.540,87,2,43,Carry,147,217,Barcelona,1,Regular Play,217,Barcelona,1.0206,,1eab7aa0-6a4a-40ac-8080-86203b2ce514,,5203,Sergio Busquets i Burgos,10,Center Defensive Midfield,39.3,48.4,,,,,,,,,,,,,,,,,,,,,,,,,,,,,b585563c-6831-4984-867f-74ca5bfd2663,,,,,,,,,,,,,,42.0,49.1,,,,,,,,,,,,,,,,,,,,,,,,,,,,,,,,,,,,,,,,,,,,,,,,,,,,,,,,,,,,,,,,,,,,,,,,,,,,,,,,,,,,,,,,,,,,,,,,,,,,,,,,,,,,,,,,,
1eab7aa0-6a4a-40ac-8080-86203b2ce514,3448,2,00:42:03.561,87,3,30,Pass,147,217,Barcelona,1,Regular Play,217,Barcelona,2.353849,,e6f7279e-b8a3-4fa8-aba6-41cf7ba5fbe0,,5203,Sergio Busquets i Burgos,10,Center Defensive Midfield,42.0,49.1,,,,,,,,,,,,,,,,,,,,,,,,,,,,,,4324.0,Daniel Alves da Silva,32.8032,0.8479514,1.0,Ground Pass,63.7,73.7,40.0,Right Foot,,,,,,,,,,,,,,,,,,,,,,,,,,,,,,,,,,,,,,,,,,,,,,,,,,,,,,,,,,,,,,,,,,,,,,,,,,,,,,,,,,,,,,,,,,,,,,,,,,,,,,,,,,,,,,,,,,,,,,
e6f7279e-b8a3-4fa8-aba6-41cf7ba5fbe0,3449,2,00:42:05.914,87,5,42,Ball Receipt*,147,217,Barcelona,1,Regular Play,217,Barcelona,,,1eab7aa0-6a4a-40ac-8080-86203b2ce514,,4324,Daniel Alves da Silva,2,Right Back,63.7,73.7,,,,,,,,,,,,,,,,,,,,,,,,,,,,,,,,,,,,,,,,,,,,,,,,,,,,,,,,,,,,,,,,,,,,,,,,,,,,,,,,,,,,,,,,,,,,,,,,,,,,,,,,,,,,,,,,,,,,,,,,,,,,,,,,,,,,,,,,,,,,,,,,,,,,,,,,,,,,,
e11a884f-3df2-44dc-899e-cf6918751e3f,3450,2,00:42:05.914,87,5,43,Carry,147,217,Barcelona,1,Regular Play,217,Barcelona,0.354451,,e6f7279e-b8a3-4fa8-aba6-41cf7ba5fbe0,,4324,Daniel Alves da Silva,2,Right Back,63.7,73.7,,,,,,,,,,,,,,,,,,,,,,,,,,,,,f7dfc09b-a426-4394-8616-24f943b74475,,,,,,,,,,,,,,63.7,73.7,,,,,,,,,,,,,,,,,,,,,,,,,,,,,,,,,,,,,,,,,,,,,,,,,,,,,,,,,,,,,,,,,,,,,,,,,,,,,,,,,,,,,,,,,,,,,,,,,,,,,,,,,,,,,,,,,
f7dfc09b-a426-4394-8616-24f943b74475,3451,2,00:42:06.269,87,6,30,Pass,147,217,Barcelona,1,Regular Play,217,Barcelona,0.717586,,94a91d8e-274c-4b55-83c1-9268e8a03fad,,4324,Daniel Alves da Silva,2,Right Back,63.7,73.7,,,,,,,,,,,,,,,,,,,,,,,,,,,,,,5503.0,Lionel Andrés Messi Cuccittini,7.8294315,0.49221125,1.0,Ground Pass,70.6,77.4,40.0,Right Foot,,,,,,,,,,,,,,,,,,,,,,,,,,,,,,,,,,,,,,,,,,,,,,,,,,,,,,,,,,,,,,,,,,,,,,,,,,,,,,,,,,,,,,,,,,,,,,,,,,,,,,,,,,,,,,,,,,,,,,
94a91d8e-274c-4b55-83c1-9268e8a03fad,3452,2,00:42:06.986,87,6,42,Ball Receipt*,147,217,Barcelona,1,Regular Play,217,Barcelona,,,f7dfc09b-a426-4394-8616-24f943b74475,,5503,Lionel Andrés Messi Cuccittini,17,Right Wing,70.6,77.4,,,,,,,,,,,,,,,,,,,,,,,,,,,,,,,,,,,,,,,,,,,,,,,,,,,,,,,,,,,,,,,,,,,,,,,,,,,,,,,,,,,,,,,,,,,,,,,,,,,,,,,,,,,,,,,,,,,,,,,,,,,,,,,,,,,,,,,,,,,,,,,,,,,,,,,,,,,,,
8da77ce6-d8a8-473f-82c3-b1c52fd6a515,3453,2,00:42:06.986,87,6,43,Carry,147,217,Barcelona,1,Regular Play,217,Barcelona,4.515414,,466c550e-b6b9-4173-b923-81c57faeada9,,5503,Lionel Andrés Messi Cuccittini,17,Right Wing,70.6,77.4,,,,,,,,,,,,,,,,,,,,,,,,,,,,,94a91d8e-274c-4b55-83c1-9268e8a03fad,,,,,,,,,,,,,,79.4,67.8,,,,,,,,,,,,,,,,,,,,,,,,,,,,,,,,,,,,,,,,,,,,,,,,,,,,,,,,,,,,,,,,,,,,,,,,,,,,,,,,,,,,,,,,,,,,,,,,,,,,,,,,,,,,,,,,,
466c550e-b6b9-4173-b923-81c57faeada9,3454,2,00:42:11.502,87,11,30,Pass,147,217,Barcelona,1,Regular Play,217,Barcelona,0.9976,,2c94ec88-0614-4183-b8aa-1f6a5cf73ffd,,5503,Lionel Andrés Messi Cuccittini,17,Right Wing,79.4,67.8,,,,,,,,,,,,,,,,,,,,,,,,,,,,,cdf86c7d-916f-4ee1-9ef2-0d9624f769ee,11094.0,Arda Turan,13.080137,-0.638914,2.0,Low Pass,89.9,60.0,38.0,Left Foot,,,,,,9.0,Incomplete,,,,,,,,,,,,,,,,,,,,,,,,,,,,,,,,,,,,,,,,,,,,,,,,,,,,,,,,,,,,,,,,,,,,,,,,,,,,,,,,,,,,,,,,,,,,,,,,,,,,,,,,,,,,,,,
cdf86c7d-916f-4ee1-9ef2-0d9624f769ee,3455,2,00:42:12.499,87,12,42,Ball Receipt*,147,217,Barcelona,1,Regular Play,217,Barcelona,,,466c550e-b6b9-4173-b923-81c57faeada9,,11094,Arda Turan,13,Right Center Midfield,93.9,58.9,,,,,,,,,,,,,,,,,,,,,,,,,,,,,,,,,,,,,,,,,,,,,,,9.0,Incomplete,,,,,,,,,,,,,,,,,,,,,,,,,,,,,,,,,,,,,,,,,,,,,,,,,,,,,,,,,,,,,,,,,,,,,,,,,,,,,,,,,,,,,,,,,,,,,,,,,,,,,,,,,,,,,
2c94ec88-0614-4183-b8aa-1f6a5cf73ffd,3456,2,00:42:12.499,87,12,10,Interception,147,217,Barcelona,1,Regular Play,1041,Sporting Gijón,0.0,,466c550e-b6b9-4173-b923-81c57faeada9,,24686,Roberto Canella Suárez,6,Left Back,30.2,20.1,,,,,,,,,,,,,,,,,,,,,,,,,,,,,,,,,,,,,,,,,,,,,,,,,4.0,Won,,,,,,,,,,,,,,,,,,,,,,,,,,,,,,,,,,,,,,,,,,,,,,,,,,,,,,,,,,,,,,,,,,,,,,,,,,,,,,,,,,,,,,,,,,,,,,,,,,,,,,,,,,,
968e0faf-cae6-4efd-acaf-f7cf04351bc4,3457,2,00:42:12.499,87,12,43,Carry,147,217,Barcelona,1,Regular Play,1041,Sporting Gijón,0.7004,,2c94ec88-0614-4183-b8aa-1f6a5cf73ffd,,24686,Roberto Canella Suárez,6,Left Back,30.2,20.1,,,,,,,,,,,,,,,,,,,,,,,,,,,,,75c0dd63-351d-4b68-bffd-331b470af3c6,,,,,,,,,,,,,,31.2,23.1,,,,,,,,,,,,,,,,,,,,,,,,,,,,,,,,,,,,,,,,,,,,,,,,,,,,,,,,,,,,,,,,,,,,,,,,,,,,,,,,,,,,,,,,,,,,,,,,,,,,,,,,,,,,,,,,,
75c0dd63-351d-4b68-bffd-331b470af3c6,3458,2,00:42:13.200,87,13,30,Pass,147,217,Barcelona,1,Regular Play,1041,Sporting Gijón,1.0169,,2fdece34-f7b3-487b-ac64-2f1cee3809e4,,24686,Roberto Canella Suárez,6,Left Back,31.2,23.1,,,,,,,,,,,,,,,,,,,,,,,,,,,,,,24173.0,Carlos Castro García,13.991783,0.11460353,1.0,Ground Pass,45.1,24.7,38.0,Left Foot,,,,,,,,,,,,,,,,,,,,,,,,,,,,,,,,,,,,,,,,,,,,,,,,,,,,,,,,,,,,,,,,,,,,,,,,,,,,,,,,,,,,,,,,,,,,,,,,,,,,,,,,,,,,,,,,,,,,,,
2fdece34-f7b3-487b-ac64-2f1cee3809e4,3459,2,00:42:14.217,87,14,42,Ball Receipt*,147,217,Barcelona,1,Regular Play,1041,Sporting Gijón,,,75c0dd63-351d-4b68-bffd-331b470af3c6,,24173,Carlos Castro García,19,Center Attacking Midfield,45.1,24.7,,,,,,,,,,,,,,,,,,,,,,,,,,,,,,,,,,,,,,,,,,,,,,,,,,,,,,,,,,,,,,,,,,,,,,,,,,,,,,,,,,,,,,,,,,,,,,,,,,,,,,,,,,,,,,,,,,,,,,,,,,,,,,,,,,,,,,,,,,,,,,,,,,,,,,,,,,,,,
06dcf0b3-7923-4b97-9124-2c8bd775602d,3460,2,00:42:14.217,87,14,43,Carry,147,217,Barcelona,1,Regular Play,1041,Sporting Gijón,0.0698,,04d3cb37-f256-451d-a9d0-7ab9518a9926,,24173,Carlos Castro García,19,Center Attacking Midfield,45.1,24.7,,,,,,,,,,,,,,,,,,,,,,,,,,,,,2fdece34-f7b3-487b-ac64-2f1cee3809e4,,,,,,,,,,,,,,45.1,24.7,,,,,,,,,,,,,,,,,,,,,,,,,,,,,,,,,,,,,,,,,,,,,,,,,,,,,,,,,,,,,,,,,,,,,,,,,,,,,,,,,,,,,,,,,,,,,,,,,,,,,,,,,,,,,,,,,
04d3cb37-f256-451d-a9d0-7ab9518a9926,3461,2,00:42:14.287,87,14,30,Pass,147,217,Barcelona,1,Regular Play,1041,Sporting Gijón,2.046952,,942eb782-2b52-432e-b688-a28a1e3e133c,,24173,Carlos Castro García,19,Center Attacking Midfield,45.1,24.7,,,,,,,,,,,,,,,,,,,,,,,,,,,,,afbf1322-0d5e-4ee3-8bcc-57f46e3e3706,23994.0,Alejandro Menéndez Díez,14.886235,-2.1066077,1.0,Ground Pass,37.5,11.9,38.0,Left Foot,,,,,,9.0,Incomplete,,,,,,,,,,,,,,,,,,,,,,,,,,,,,,,,,,,,,,,,,,,,,,,,,,,,,,,,,,,,,,,,,,,,,,,,,,,,,,,,,,,,,,,,,,,,,,,,,,,,,,,,,,,,,,,
942eb782-2b52-432e-b688-a28a1e3e133c,3462,2,00:42:16.333,87,16,42,Ball Receipt*,147,217,Barcelona,1,Regular Play,1041,Sporting Gijón,,,04d3cb37-f256-451d-a9d0-7ab9518a9926,,23994,Alejandro Menéndez Díez,21,Left Wing,35.6,9.4,,,,,,,,,,,,,,,,,,,,,,,,,,,,,,,,,,,,,,,,,,,,,,,9.0,Incomplete,,,,,,,,,,,,,,,,,,,,,,,,,,,,,,,,,,,,,,,,,,,,,,,,,,,,,,,,,,,,,,,,,,,,,,,,,,,,,,,,,,,,,,,,,,,,,,,,,,,,,,,,,,,,,
afbf1322-0d5e-4ee3-8bcc-57f46e3e3706,3463,2,00:42:16.333,87,16,2,Ball Recovery,147,217,Barcelona,1,Regular Play,217,Barcelona,0.0,,04d3cb37-f256-451d-a9d0-7ab9518a9926,,4324,Daniel Alves da Silva,2,Right Back,82.6,68.2,,,,,,,,,,,,,,,,,,,,,,,,,,,,,,,,,,,,,,,,,,,,,,,,,,,,,,,,,,,,,,,,,,,,,,,,,,,,,,,,,,,,,,,,,,,,,,,,,,,,,,,,,,,,,,,,,,,,,,,,,,,,,,,,,,,,,,,,,,,,,,,,,,,,,,,,,,,,,
0be8b234-7c77-4dbf-aa07-7069aba077fa,3464,2,00:42:16.333,87,16,43,Carry,147,217,Barcelona,1,Regular Play,217,Barcelona,2.005648,,945b2612-1089-480e-a830-aba7bda66513,,4324,Daniel Alves da Silva,2,Right Back,82.6,68.2,,,,,,,,,,,,,,,,,,,,,,,,,,,,,afbf1322-0d5e-4ee3-8bcc-57f46e3e3706,,,,,,,,,,,,,,97.3,56.4,,,,,,,,,,,,,,,,,,,,,,,,,,,,,,,,,,,,,,,,,,,,,,,,,,,,,,,,,,,,,,,,,,,,,,,,,,,,,,,,,,,,,,,,,,,,,,,,,,,,,,,,,,,,,,,,,
945b2612-1089-480e-a830-aba7bda66513,3465,2,00:42:18.339,87,18,30,Pass,147,217,Barcelona,1,Regular Play,217,Barcelona,1.667585,,be8bef42-c957-44b4-9f67-91a15658c7b7,,4324,Daniel Alves da Silva,2,Right Back,97.3,56.4,,,,,,,,,,,,,,,,,,,,,,,,,,,,,,5503.0,Lionel Andrés Messi Cuccittini,8.848164,-2.1713374,1.0,Ground Pass,92.3,49.1,40.0,Right Foot,,,,,,,,,,,,,,,,,,,,,,,,,,,,,,,,,,,,,,,,,,,,,,,,,,,,,,,,,,,,,,,,,,,,,,,,,,,,,,,,,,,,,,,,,,,,,,,,,,,,,,,,,,,,,,,,,,,,,,
be8bef42-c957-44b4-9f67-91a15658c7b7,3466,2,00:42:20.007,87,20,42,Ball Receipt*,147,217,Barcelona,1,Regular Play,217,Barcelona,,,945b2612-1089-480e-a830-aba7bda66513,,5503,Lionel Andrés Messi Cuccittini,17,Right Wing,92.3,49.1,,,,,,,,,,,,,,,,,,,,,,,,,,,,,,,,,,,,,,,,,,,,,,,,,,,,,,,,,,,,,,,,,,,,,,,,,,,,,,,,,,,,,,,,,,,,,,,,,,,,,,,,,,,,,,,,,,,,,,,,,,,,,,,,,,,,,,,,,,,,,,,,,,,,,,,,,,,,,
b30b10bf-932b-44ba-b268-6de67dff9f54,3467,2,00:42:20.007,87,20,43,Carry,147,217,Barcelona,1,Regular Play,217,Barcelona,0.869815,,be8bef42-c957-44b4-9f67-91a15658c7b7,,5503,Lionel Andrés Messi Cuccittini,17,Right Wing,92.3,49.1,,,,,,,,,,,,,,,,,,,,,,,,,,,,,dfec78e2-a922-45f8-b3f9-f6a3e3f9c02e,,,,,,,,,,,,,,94.8,42.3,,,,,,,,,,,,,,,,,,,,,,,,,,,,,,,,,,,,,,,,,,,,,,,,,,,,,,,,,,,,,,,,,,,,,,,,,,,,,,,,,,,,,,,,,,,,,,,,,,,,,,,,,,,,,,,,,
dfec78e2-a922-45f8-b3f9-f6a3e3f9c02e,3468,2,00:42:20.877,87,20,30,Pass,147,217,Barcelona,1,Regular Play,217,Barcelona,1.236528,,70860be9-4694-4801-b3de-b7bee1a697b8,,5503,Lionel Andrés Messi Cuccittini,17,Right Wing,94.8,42.3,,,,,,,,,,,,,,,,,,,,,,,,,,,,,,5246.0,Luis Alberto Suárez Díaz,17.132717,-0.5394185,1.0,Ground Pass,109.5,33.5,38.0,Left Foot,,,,,,,,,,,,9a79a27e-0524-490d-8828-aa6996d23d74,True,,,,,,,,,,,,,,,,,,,,,,,,,,,,,,,,,,,,,,,,,,,,,,,,,,,,,,,,,,,,,,,,,,,,,,,,,,,,,,,,,,,,,,,,,,,,,,,,,,,,,,,,,
70860be9-4694-4801-b3de-b7bee1a697b8,3469,2,00:42:22.113,87,22,42,Ball Receipt*,147,217,Barcelona,1,Regular Play,217,Barcelona,,,dfec78e2-a922-45f8-b3f9-f6a3e3f9c02e,,5246,Luis Alberto Suárez Díaz,23,Center Forward,109.5,33.5,,,,,,,,,,,,,,,,,,,,,,,,,,,,,,,,,,,,,,,,,,,,,,,,,,,,,,,,,,,,,,,,,,,,,,,,,,,,,,,,,,,,,,,,,,,,,,,,,,,,,,,,,,,,,,,,,,,,,,,,,,,,,,,,,,,,,,,,,,,,,,,,,,,,,,,,,,,,,
9a79a27e-0524-490d-8828-aa6996d23d74,3470,2,00:42:22.259,87,22,16,Shot,147,217,Barcelona,1,Regular Play,217,Barcelona,0.6618,,c9da85b7-238b-41aa-a7b4-3eb94d8de703,,5246,Luis Alberto Suárez Díaz,23,Center Forward,108.8,32.0,,,,,,,,,,,,,,,,,,,,,,,,,,,,,,,,,,,,,,,,,,,,,,,,,,,,,0.21101259,120.0,36.4,0.6,dfec78e2-a922-45f8-b3f9-f6a3e3f9c02e,93.0,Normal,40.0,Right Foot,87.0,Open Play,97.0,Goal,True,118.3,38.8,6610.0,Iván Cuéllar Sacristán,1.0,Goalkeeper,False,107.7,33.9,18398.0,Omar Mascarell González,9.0,Right Defensive Midfield,False,108.7,37.1,4320.0,Neymar da Silva Santos Junior,21.0,Left Wing,True,107.3,40.0,26256.0,Igor Lichnovsky Osorio,5.0,Left Center Back,False,109.2,45.6,4324.0,Daniel Alves da Silva,2.0,Right Back,True,106.2,43.3,24686.0,Roberto Canella Suárez,6.0,Left Back,False,103.1,36.6,5503.0,Lionel Andrés Messi Cuccittini,17.0,Right Wing,True,104.0,36.0,6561.0,Luis Hernández Rodríguez,3.0,Right Center Back,False,103.5,50.6,23994.0,Alejandro Menéndez Díez,21.0,Left Wing,False,102.7,60.6,11094.0,Arda Turan,13.0,Right Center Midfield,True,95.2,46.8,6926.0,Alen Halilović,17.0,Right Wing,False,96.3,33.6,6880.0,Arnaldo Antonio Sanabria Ayala,23.0,Center Forward,False,101.7,18.6,5211.0,Jordi Alba Ramos,6.0,Left Back,True
